38 4
28 16
26 18
24 20
19 26
18 29
16 31
14 33
12 36
3 50
13 423
17 428
27 439
29 441
30 442
36 449
39 452
46 457
49 460
82 484
99 493
102 495
104 496
119 502
120 503
124 504
131 507
136 509
146 511
162 515
167 516
171 517
177 518
206 519
257 513
274 508
291 501
296 499
311 491
314 489
315 488
317 487
318 486
321 485
326 480
329 479
333 475
338 471
339 470
341 468
345 465
350 459
351 458
354 455
358 450
359 448
366 438
367 437
369 435
374 426
381 410
383 407
387 392
388 389
391 354
385 321
382 313
377 303
373 298
368 291
365 287
362 284
349 273
337 267
334 266
330 265
328 264
306 262
287 269
278 277
277 278
270 296
269 307
266 314
264 318
263 319
253 329
249 331
245 333
244 334
237 336
224 337
202 332
186 323
179 317
174 312
157 286
156 283
154 279
153 276
151 268
149 256
148 236
152 205
155 195
164 175
173 160
175 157
184 145
188 141
192 137
193 136
198 130
205 125
209 121
216 116
222 112
228 108
230 107
239 102
246 99
247 98
265 91
310 81
372 83
379 84
384 85
407 92
410 93
417 95
419 96
427 100
436 104
439 105
450 111
455 114
456 115
490 139
492 140
498 146
502 150
506 153
509 156
515 163
519 167
520 168
522 170
524 173
538 192
539 193
543 199
548 208
550 210
553 216
554 217
556 220
564 238
566 243
567 244
568 246
583 295
584 297
586 309
587 311
589 328
590 339
591 344
588 409
585 427
581 445
580 451
579 453
577 461
576 464
575 469
572 477
570 483
551 525
549 527
547 532
542 540
540 543
535 551
533 554
532 556
526 565
521 571
517 576
503 593
479 617
477 619
470 626
467 628
459 636
440 650
437 652
422 662
415 666
411 669
408 671
406 672
404 673
395 678
375 688
363 693
361 694
344 700
332 705
324 707
316 709
313 710
301 713
280 718
267 720
260 721
251 722
231 724
168 723
134 719
114 715
55 699
48 696
34 690
32 689
22 685
20 684
9 679
2 676
0 674
1 553
7 558
15 563
23 568
25 569
35 575
43 580
59 588
76 595
89 601
111 608
130 613
135 614
139 615
181 620
195 621
282 612
285 611
325 597
327 596
335 592
346 587
352 584
355 582
357 581
360 579
370 573
378 567
390 559
402 548
413 538
414 537
418 534
421 531
428 523
429 521
430 520
441 506
452 490
458 481
462 472
465 466
474 446
481 424
486 402
488 390
489 356
487 335
473 282
469 272
461 258
454 247
447 239
446 237
442 233
438 228
435 225
432 222
424 215
420 211
394 194
386 190
380 188
371 184
348 179
340 178
308 180
290 185
284 187
259 202
258 203
255 206
254 207
252 209
242 221
234 242
232 253
235 274
236 275
238 280
241 285
248 292
250 294
262 299
272 300
279 301
281 302
286 304
288 305
289 306
298 315
299 316
305 330
307 346
304 361
303 364
302 366
300 372
297 376
295 380
294 381
293 383
292 384
276 400
275 401
268 406
243 417
233 419
207 421
191 420
183 418
172 416
169 415
165 414
161 412
159 411
145 405
143 404
133 398
132 397
129 395
128 394
125 393
123 391
117 386
107 377
105 375
98 368
97 367
94 363
93 362
90 359
88 355
85 352
83 349
71 327
68 322
63 310
56 289
52 270
51 261
50 229
53 198
54 191
57 177
58 176
60 169
61 164
65 154
66 149
69 144
73 134
74 133
77 126
78 124
79 123
80 120
81 119
87 109
91 103
95 97
100 90
101 89
103 86
106 82
108 80
109 79
112 75
113 74
116 71
118 69
121 65
126 61
141 47
142 46
144 44
150 39
158 34
160 32
166 28
176 21
187 15
194 11
200 8
220 0
457 1
476 9
482 12
483 13
501 22
505 24
507 25
514 30
525 37
528 38
531 41
546 52
558 62
559 63
565 68
574 76
602 106
608 113
612 118
620 129
622 131
634 151
639 158
640 161
643 166
651 181
652 183
654 186
659 197
660 200
666 213
668 219
670 223
673 234
678 250
679 252
680 254
688 290
693 324
695 378
694 385
692 413
686 454
681 473
676 492
674 497
664 526
658 541
655 546
653 552
649 561
647 564
642 574
637 583
635 585
633 590
632 591
625 602
624 604
623 605
621 609
616 616
609 627
601 637
600 639
598 641
596 643
594 646
593 647
578 665
573 670
569 675
561 683
557 687
552 691
541 702
536 706
534 708
529 712
513 725
508 729
497 736
495 738
480 749
475 752
468 756
463 759
460 761
453 765
451 766
448 767
443 770
426 779
412 785
403 789
398 791
389 794
376 799
356 806
353 807
336 812
320 815
256 826
203 829
182 828
127 823
122 822
115 821
86 816
67 811
62 810
45 805
42 804
37 802
31 800
10 793
6 902
8 903
21 907
41 912
44 913
64 918
84 922
110 926
147 931
170 932
204 933
261 930
271 929
283 928
312 923
331 920
347 916
392 904
401 901
405 900
416 896
425 892
433 889
444 885
445 884
449 883
464 876
471 872
485 866
493 861
496 860
499 858
504 855
510 852
511 851
516 848
518 847
523 844
530 840
537 835
544 831
555 824
560 820
562 818
582 803
595 792
605 784
610 780
613 777
614 776
617 774
627 764
630 762
638 753
641 750
644 746
646 745
661 728
662 727
671 716
687 697
690 692
697 682
698 681
699 680
700 677
707 667
710 663
713 659
716 653
718 651
719 649
722 644
725 638
728 633
729 631
733 625
734 623
740 610
742 606
744 603
746 599
748 594
758 570
762 560
764 557
766 550
767 547
768 544
769 542
771 536
778 514
779 510
780 505
783 494
789 467
795 430
796 422
799 360
798 351
797 325
794 293
786 251
784 241
781 231
775 212
773 204
770 196
757 162
756 159
750 147
749 143
741 128
735 117
731 110
717 87
711 77
703 67
696 58
691 51
689 49
684 43
682 40
667 23
663 19
650 5
648 3
788 7
791 10
793 14
814 45
816 48
819 54
820 55
822 60
826 66
829 72
841 94
844 101
854 122
856 127
857 132
859 135
860 138
862 142
865 152
866 155
875 182
881 201
885 218
891 245
892 248
898 288
902 326
903 365
899 440
893 478
889 498
886 512
880 535
872 562
869 572
867 578
864 586
852 618
849 624
847 629
846 632
842 640
840 645
838 648
835 654
834 657
833 658
832 661
830 664
828 668
818 686
813 695
809 701
808 703
807 704
803 711
790 732
787 735
785 739
782 743
774 755
772 757
763 769
761 771
760 772
755 778
753 781
751 783
747 788
739 797
738 798
736 801
720 819
714 825
712 827
706 833
705 834
683 854
665 871
657 877
656 878
645 886
636 893
631 897
619 906
607 914
606 915
604 917
597 921
592 924
571 938
563 942
545 952
527 961
512 969
500 974
491 978
484 981
478 984
472 986
466 989
434 1000
669 999
672 997
675 994
677 993
685 988
701 976
702 975
704 973
708 970
715 965
723 959
724 958
726 956
727 955
730 953
732 951
737 947
743 941
745 939
752 934
759 927
777 910
792 894
805 881
806 880
810 875
812 873
815 870
817 867
821 863
825 857
827 856
837 843
843 836
863 809
876 790
878 787
879 786
882 782
887 775
888 773
894 763
896 760
900 754
901 751
904 747
905 744
907 741
908 740
909 737
912 733
913 731
915 726
920 717
922 714
930 698
947 660
949 656
950 655
955 642
957 635
958 634
959 630
962 622
970 600
971 598
973 589
977 577
980 566
983 555
985 549
987 539
989 529
990 528
991 522
998 482
999 476
1000 263
997 240
995 232
994 226
992 214
982 174
981 172
979 165
974 148
952 88
948 78
945 70
942 64
939 59
938 56
937 53
931 42
924 27
918 17
910 2
996 795
986 813
984 817
976 830
969 839
968 841
967 842
966 845
965 846
963 849
961 853
956 859
954 862
953 864
946 874
941 879
936 887
935 888
934 890
932 891
929 895
928 898
926 899
919 909
917 911
911 919
897 935
895 937
890 943
884 949
883 950
877 957
874 960
873 962
871 963
870 964
868 966
858 977
855 980
848 987
839 996
836 998
988 990
993 983
