0 2
2 247
6 232
7 229
9 224
23 183
30 164
31 163
33 158
34 156
36 152
42 138
45 132
47 128
48 126
52 119
53 116
54 114
59 105
63 97
65 94
66 93
71 83
85 60
102 36
107 29
108 27
109 25
112 22
113 21
270 3
269 4
259 13
258 14
254 18
246 26
244 28
240 32
239 33
235 38
232 41
229 44
224 50
211 65
209 68
196 84
193 89
186 98
181 106
179 108
173 118
169 123
168 125
163 133
162 135
156 145
154 149
149 157
143 170
135 185
133 190
130 198
129 200
124 210
119 223
118 227
115 235
111 246
104 271
100 284
97 298
96 301
88 353
86 367
84 415
95 522
98 535
106 563
110 575
116 592
120 604
123 611
134 636
138 645
151 669
153 672
164 689
165 691
166 693
172 702
177 709
192 729
195 733
202 741
203 742
207 747
216 757
219 760
223 765
234 775
248 789
273 810
274 811
275 812
280 815
281 816
306 833
327 846
329 847
337 851
339 853
354 860
356 861
357 862
362 864
363 865
374 870
381 873
388 875
392 877
419 886
438 892
448 894
450 895
483 901
527 905
553 906
581 904
597 903
622 899
628 898
664 889
677 885
683 883
685 882
696 878
707 874
739 859
740 858
745 856
747 854
751 852
779 835
783 831
795 823
806 814
816 805
818 803
837 785
850 771
851 769
858 762
861 758
865 752
869 746
875 738
881 728
888 718
891 712
894 708
895 706
897 701
907 680
911 670
922 637
926 623
928 616
929 608
933 582
935 553
932 503
930 489
921 452
914 432
908 417
905 413
903 408
902 407
898 399
890 385
886 378
880 370
864 349
863 348
859 344
857 342
856 340
849 333
848 332
847 331
845 329
841 326
840 325
836 321
828 314
813 303
807 300
803 297
787 288
777 283
775 282
766 278
764 277
761 276
757 275
743 270
733 268
729 267
724 266
669 261
654 262
639 264
634 265
618 269
606 273
604 274
589 280
587 281
580 285
578 286
568 292
564 294
562 296
550 305
549 306
543 311
542 312
539 315
535 319
534 320
519 338
516 343
513 347
511 350
509 355
508 357
504 364
492 414
493 436
495 448
496 454
499 462
506 476
507 477
521 496
522 498
528 502
530 504
531 505
537 509
540 510
545 513
552 515
557 516
577 518
579 517
590 514
610 495
611 492
612 490
613 483
614 475
615 470
617 466
620 460
625 455
627 453
633 449
650 443
672 445
676 446
679 447
686 450
688 451
695 456
697 457
698 458
700 459
702 461
708 467
712 472
719 481
722 487
726 494
728 501
731 508
734 525
735 551
732 568
730 577
727 587
721 600
720 603
718 606
716 610
714 613
710 621
705 627
704 628
684 650
682 652
681 653
678 656
674 658
668 663
665 665
656 671
631 684
616 690
601 694
588 697
561 700
525 699
520 698
505 696
502 695
490 692
471 687
467 685
461 683
449 677
444 675
443 674
440 673
429 667
424 664
422 662
418 660
417 659
403 649
393 641
391 639
386 635
384 633
379 629
373 622
368 618
366 615
358 605
350 595
345 588
328 561
322 550
320 546
319 542
318 541
315 534
311 524
310 521
301 493
300 488
295 464
293 441
292 421
294 373
296 363
298 352
299 345
302 335
303 328
305 322
307 316
312 302
317 289
340 242
341 240
346 231
352 222
360 212
364 206
376 192
406 160
425 143
430 140
445 129
447 127
455 122
470 112
472 111
474 110
486 103
500 96
514 90
524 85
538 80
547 77
554 75
555 74
558 73
565 71
573 69
586 66
595 64
602 63
607 62
689 55
701 56
715 57
749 61
780 67
790 70
812 76
821 79
839 86
852 91
855 92
862 95
870 99
871 100
873 101
876 102
885 107
889 109
896 113
901 115
909 120
910 121
931 134
937 139
944 144
947 146
957 153
958 155
978 171
981 174
989 182
995 187
994 51
982 43
980 42
976 39
969 35
967 34
963 31
961 30
948 23
942 19
936 16
934 15
927 11
925 10
923 9
920 8
918 7
917 6
462 0
459 1
451 5
437 12
415 24
390 40
380 47
378 49
372 53
367 58
365 59
349 72
343 78
338 82
332 87
304 117
297 124
291 131
284 141
283 142
279 147
278 148
277 150
268 162
265 167
262 172
251 189
242 204
238 213
237 215
231 226
228 233
227 236
226 238
225 239
221 250
218 257
217 258
212 272
206 290
205 295
204 299
201 309
199 318
198 324
190 380
188 418
189 429
200 512
213 555
214 558
236 607
247 626
250 631
252 634
257 642
260 647
266 655
271 661
276 668
285 679
287 681
308 703
309 704
316 710
323 717
325 719
326 720
330 722
331 724
334 725
336 727
342 732
351 739
359 744
370 751
375 754
383 759
387 761
404 770
411 773
433 782
436 783
446 786
465 792
469 793
476 794
478 795
487 796
491 797
494 798
501 799
532 802
571 801
585 800
636 790
670 778
671 777
673 776
691 768
693 766
711 756
713 755
723 748
737 737
754 723
755 721
760 716
763 713
769 707
786 686
789 682
792 678
799 666
809 648
811 643
820 620
822 617
823 614
824 609
827 599
829 590
832 565
833 559
830 507
825 484
819 468
817 463
804 437
802 434
801 433
800 431
797 427
796 425
794 423
793 422
785 412
778 404
776 403
774 401
773 400
771 398
770 397
767 395
765 393
762 391
759 389
753 384
752 383
748 381
738 375
736 374
725 369
717 366
703 362
694 361
666 359
660 360
637 365
621 371
608 379
605 382
594 392
584 406
583 409
582 411
576 442
592 473
593 474
600 478
609 480
623 482
632 486
644 499
645 500
649 511
651 526
648 543
647 544
646 547
643 554
642 556
641 557
640 560
635 567
630 572
629 574
624 578
619 581
603 591
599 593
596 594
591 596
544 602
536 601
523 598
517 597
489 586
488 585
485 584
484 583
479 580
477 579
473 576
468 573
466 571
464 570
463 569
457 564
454 562
442 549
441 548
439 545
435 540
434 539
432 537
431 536
428 530
427 529
426 528
423 523
421 519
414 506
410 497
407 491
405 485
401 471
400 469
399 465
396 444
395 439
394 426
397 377
398 372
402 354
408 336
409 334
412 327
413 323
416 317
420 308
452 260
453 259
456 256
458 254
460 252
475 237
482 230
497 218
498 217
503 214
510 209
512 207
518 203
526 199
533 195
541 191
546 188
551 186
566 180
567 179
574 177
598 169
638 161
667 159
744 165
746 166
758 168
782 175
784 176
791 178
798 181
805 184
826 193
831 196
835 197
842 201
844 202
853 208
866 216
872 220
884 228
892 234
904 244
912 251
916 255
924 263
939 279
946 287
950 291
959 304
962 307
977 330
983 339
984 341
987 346
990 351
999 368
915 993
943 970
951 964
960 955
965 950
968 948
970 946
971 945
979 937
985 931
986 930
992 923
996 919
998 918
993 740
991 745
988 750
975 774
972 779
966 788
964 791
956 804
954 806
953 808
945 818
941 824
940 825
938 827
919 849
913 855
906 863
900 869
893 876
887 881
879 888
877 890
854 908
846 915
815 935
814 936
810 938
808 939
788 951
781 954
772 959
768 961
756 966
750 969
706 985
690 990
687 991
653 999
382 983
377 982
371 980
369 979
361 977
355 974
353 973
347 971
333 965
321 960
314 957
289 944
288 943
286 942
282 940
272 934
263 929
261 928
256 925
255 924
249 920
245 917
230 907
222 902
220 900
210 893
208 891
194 879
185 872
183 871
180 868
161 850
159 848
152 842
148 837
141 829
139 828
132 820
127 813
121 807
103 784
101 781
94 772
90 767
87 763
81 753
78 749
70 736
69 735
68 734
67 731
64 726
58 715
57 714
55 711
43 688
38 676
29 657
28 654
25 646
24 644
22 638
19 630
16 624
15 619
5 589
1 822
11 836
13 838
14 839
17 844
18 845
27 857
35 867
46 880
50 884
60 896
61 897
72 909
74 910
75 912
77 913
79 916
89 926
91 927
105 941
114 949
122 956
125 958
131 963
136 967
137 968
142 972
145 975
147 976
150 978
158 984
171 994
174 996
178 998
12 997
10 995
8 992
4 989
3 988
